Tiempo(seg.):0.635692130	  / Tamaño Vectores:65536	 v1[0]+v2[0]=v3[0] (6553.600000+6553.600000=13107.200000) / v1[65535] + v2[65535] = v3[65535] (13107.100000 + 0.100000 = 13107.200000) /
Tiempo(seg.):0.631520490	  / Tamaño Vectores:131072	 v1[0]+v2[0]=v3[0] (13107.200000+13107.200000=26214.400000) / v1[131071] + v2[131071] = v3[131071] (26214.300000 + 0.100000 = 26214.400000) /
Tiempo(seg.):0.625957410	  / Tamaño Vectores:262144	 v1[0]+v2[0]=v3[0] (26214.400000+26214.400000=52428.800000) / v1[262143] + v2[262143] = v3[262143] (52428.700000 + 0.100000 = 52428.800000) /
